Loss: 0.40972572565078735
MAE: 0.24036964774131775
Accuracy: 0.31848984956741333
F1 Macro: 0.3657168745994568
F1 Micro: 0.38379526138305664
Precision: 0.6291079521179199
Recall: 0.22571589052677155
