Loss: 0.38938772678375244
MAE: 0.23913788795471191
Accuracy: 0.3223620653152466
F1 Macro: 0.36297813057899475
F1 Micro: 0.3845060169696808
Precision: 0.6520423889160156
Recall: 0.24199888110160828
