Loss: 0.6085980534553528
MAE: 0.25484973192214966
Accuracy: 0.09390126168727875
F1 Macro: 0.03513537347316742
F1 Micro: 0.13788197934627533
Precision: 0.0
Recall: 0.0
