Loss: 0.5573769211769104
MAE: 0.41227051615715027
Accuracy: 0.09970958530902863
F1 Macro: 0.11012820154428482
F1 Micro: 0.20540152490139008
Precision: 0.0
Recall: 0.0
