Loss: 0.39511242508888245
MAE: 0.23333550989627838
Accuracy: 0.3378509283065796
F1 Macro: 0.3692959249019623
F1 Micro: 0.3923240303993225
Precision: 0.5968992114067078
Recall: 0.302638977766037
