Loss: 0.3999626040458679
MAE: 0.2276676893234253
Accuracy: 0.31848984956741333
F1 Macro: 0.3640905022621155
F1 Micro: 0.3795308768749237
Precision: 0.5918604731559753
Recall: 0.2857944965362549
